46.41
68.21
52.42
53.44
7.62
93.11
65.74
76.46
33.50
37.17
75.58
88.59
48.30
17.48
7.00
32.58
9.98
39.03
46.98
77.25
69.16
72.82
31.33
84.75
42.12
18.65
4.27
75.08
84.36
13.91
42.02
24.75
65.55
39.38
84.71
15.67
56.92
96.15
63.30
80.50
21.12
15.06
88.68
37.17
46.08
93.24
90.98
51.09
46.76
82.65
95.49
51.93
87.78
71.85
2.89
7.45
68.52
89.11
98.95
51.95
80.86
16.21
1.09
42.35
83.81
9.09
22.14
94.81
29.12
28.93
98.34
40.42
16.62
11.06
79.68
63.71
32.56
53.09
70.60
86.16
32.28
59.22
37.65
39.40
26.14
73.13
94.08
66.47
15.89
52.76
64.65
97.04
46.12
70.99
75.42
75.63
8.91
74.92
52.33
22.37
