14.02
22.68
93.53
4.42
1.76
68.99
53.17
70.42
5.70
75.88
98.27
8.20
44.20
28.22
89.87
50.95
49.90
8.30
91.47
5.96
13.41
63.32
88.97
51.81
84.31
47.32
57.59
50.35
89.18
22.06
28.18
71.27
32.44
68.45
15.61
95.59
41.47
49.36
20.78
65.47
48.17
90.27
41.62
17.06
14.38
45.78
22.31
86.23
81.94
63.64
70.52
29.64
41.99
73.25
70.95
52.97
49.41
91.75
14.78
45.16
44.53
21.94
62.02
73.01
68.38
83.04
63.33
39.49
27.65
78.60
2.12
82.15
18.51
26.46
63.84
75.54
60.22
12.63
59.21
17.01
56.13
53.33
43.65
45.24
8.75
67.95
94.53
46.58
60.96
35.04
2.48
91.87
84.55
3.19
44.23
69.87
1.42
90.43
1.63
54.86
